-110.495, 70.3299
-110.511, 69.8301
-110.526, 69.3304
-110.542, 68.8306
-110.597, 68.3336
-110.652, 67.8367
-110.707, 67.3397
-110.761, 66.8427
-110.816, 66.3457
-110.837, 65.8462
-110.858, 65.3466
-110.879, 64.847
-110.9, 64.3475
-110.952, 63.8502
-111.005, 63.3529
-111.057, 62.8557
-111.109, 62.3584
-111.161, 61.8612
-111.201, 61.3627
-111.24, 60.8642
-111.279, 60.3658
-111.318, 59.8673
-111.358, 59.3689
-111.397, 58.8704
-111.436, 58.3719
-111.475, 57.8735
-111.514, 57.375
-111.554, 56.8766
-111.577, 56.3771
-111.601, 55.8777
-111.624, 55.3782
-111.648, 54.8788
-111.671, 54.3794
-111.695, 53.8799
-111.719, 53.3805
-111.742, 52.881
-111.766, 52.3816
-111.75, 51.8818
-111.734, 51.3821
-111.719, 50.8823
-111.703, 50.3826
-111.687, 49.8828
-111.671, 49.3831
-111.656, 48.8833
-111.64, 48.3836
-111.624, 47.8838
-111.609, 47.3841
-111.601, 46.8841
-111.593, 46.3842
-111.585, 45.8842
-111.577, 45.3843
-111.569, 44.8844
-111.561, 44.3844
-111.554, 43.8845
-111.546, 43.3846
-111.538, 42.8846
-111.53, 42.3847
-111.522, 41.8847
-111.514, 41.3848
-111.507, 40.8849
-111.499, 40.3849
-111.491, 39.885
-111.483, 39.385
-111.475, 38.8851
-111.467, 38.3852
-111.459, 37.8852
-111.452, 37.3853
-111.444, 36.8853
-111.436, 36.3854
-111.428, 35.8855
-111.42, 35.3855
-111.412, 34.8856
-111.404, 34.3857
-111.404, 33.8857
-111.404, 33.3857
-111.404, 32.8857
-111.404, 32.3857
-111.404, 31.8857
-111.404, 31.3857
-111.404, 30.8857
-111.404, 30.3857
-111.404, 29.8857
-111.404, 29.3857
-111.404, 28.8857
-111.404, 28.3857
-111.404, 27.8857
-111.404, 27.3857
-111.404, 26.8857
-111.404, 26.3857
-111.404, 25.8857
-111.404, 25.3857
-111.404, 24.8857
-111.404, 24.3857
-111.404, 23.8857
-111.404, 23.3857
-111.404, 22.8857
-111.404, 22.3857
-111.404, 21.8857
-111.404, 21.3857
-111.404, 20.8857
-111.404, 20.3857
-111.404, 19.8857
-111.404, 19.3857
-111.404, 18.8857
-111.404, 18.3857
-111.404, 17.8857
-111.404, 17.3857
-111.404, 16.8857
-111.404, 16.3857
-111.404, 15.8857
-111.404, 15.3857
-111.41, 14.8857
-111.415, 14.3857
-111.42, 13.8857
-111.425, 13.3858
-111.431, 12.8858
-111.436, 12.3858
-111.441, 11.8858
-111.446, 11.3859
-111.452, 10.8859
-111.457, 10.3859
-111.462, 9.88595
-111.467, 9.38598
-111.473, 8.88601
-111.478, 8.38604
-111.478, 7.88604
-111.478, 7.38604
-111.478, 6.88604
-111.478, 6.38604
-111.478, 5.88604
-111.478, 5.38604
-111.478, 4.88604
-111.478, 4.38604
-111.478, 3.88604
-111.478, 3.38604
-111.478, 2.88604
-111.478, 2.38604
-111.478, 1.88604
-111.478, 1.38604
-111.478, 0.886038
-111.478, 0.386038
-111.478, -0.113962
-111.478, -0.613962
-111.478, -1.11396
-111.478, -1.61396
-111.478, -2.11396
-111.478, -2.61396
-111.478, -3.11396
-111.478, -3.61396
-111.478, -4.11396
-111.478, -4.61396
-111.478, -5.11396
-111.478, -5.61396
-111.478, -6.11396
-111.478, -6.61396
-111.478, -7.11396
-111.478, -7.61396
-111.478, -8.11396
-111.478, -8.61396
-111.478, -9.11396
-111.478, -9.61396
-111.478, -10.114
-111.478, -10.614
-111.478, -11.114
-111.478, -11.614
-111.478, -12.114
-111.478, -12.614
-111.478, -13.114
-111.478, -13.614
-111.478, -14.114
-111.478, -14.614
-111.478, -15.114
-111.478, -15.614
-111.478, -16.114
-111.478, -16.614
-111.478, -17.114
-111.478, -17.614
-111.478, -18.114
-111.478, -18.614
-111.478, -19.114
-111.478, -19.614
-111.478, -20.114
-111.478, -20.614
-111.478, -21.114
-111.478, -21.614
-111.478, -22.114
-111.478, -22.614
-111.478, -23.114
-111.478, -23.614
-111.478, -24.114
-111.478, -24.614
-111.478, -25.114
-111.478, -25.614
-111.478, -26.114
-111.478, -26.614
-111.478, -27.114
-111.478, -27.614
-111.478, -28.114
-111.478, -28.614
-111.478, -29.114
-111.478, -29.614
-111.478, -30.114
-111.478, -30.614
-111.478, -31.114
-111.478, -31.614
-111.478, -32.114
-111.478, -32.614
-111.517, -33.1124
-111.556, -33.6109
-111.595, -34.1093
-111.635, -34.6078
-111.674, -35.1063
-111.713, -35.6047
-111.752, -36.1032
-111.792, -36.6016
-111.792, -37.1016
-111.792, -37.6016
-111.792, -38.1016
-111.792, -38.6016
-111.792, -39.1016
-111.792, -39.6016
-111.792, -40.1016
-111.792, -40.6016
-111.792, -41.1016
-111.792, -41.6016
-111.792, -42.1016
-111.792, -42.6016
-111.792, -43.1016
-111.792, -43.6016
-111.792, -44.1016
-111.792, -44.6016
-111.792, -45.1016
-111.792, -45.6016
-111.755, -46.1003
-111.718, -46.5989
-111.682, -47.0976
-111.645, -47.5963
-111.608, -48.0949
-111.572, -48.5936
-111.535, -49.0922
-111.499, -49.5909
-111.462, -50.0895
-111.425, -50.5882
-111.389, -51.0869
-111.35, -51.5853
-111.31, -52.0838
-111.271, -52.5822
-111.232, -53.0807
-111.193, -53.5792
-111.153, -54.0776
-111.114, -54.5761
-111.075, -55.0745
-111.036, -55.573
-110.996, -56.0714
-110.957, -56.5699
-110.918, -57.0684
-110.879, -57.5668
-110.84, -58.0653
-110.8, -58.5637
-110.761, -59.0622
-110.722, -59.5607
-110.683, -60.0591
-110.643, -60.5576
-110.604, -61.056
-110.565, -61.5545
-110.526, -62.053
-110.486, -62.5514
-110.388, -63.0415
-110.289, -63.5317
-110.137, -64.008
-109.985, -64.4844
-109.853, -64.9666
-109.721, -65.4489
-109.589, -65.9312
-109.472, -66.4174
-109.356, -66.9035
-109.239, -67.3897
-109.122, -67.8759
-109.005, -68.3621
-108.889, -68.8483
-108.724, -69.3205
-108.56, -69.7927
-108.428, -70.2749
-108.296, -70.7572
-108.164, -71.2395
-108.032, -71.7218
-107.9, -72.204
-107.768, -72.6863
-107.636, -73.1686
-107.504, -73.6509
-107.372, -74.1332
-107.24, -74.6154
-107.108, -75.0977
-106.977, -75.58
-106.845, -76.0623
-106.713, -76.5445
-106.581, -77.0268
-106.449, -77.5091
-106.317, -77.9914
-106.185, -78.4736
-106.053, -78.9559
-105.921, -79.4382
-105.64, -79.8517
-105.359, -80.2653
-105.078, -80.6788
-104.797, -81.0924
-104.516, -81.5059
-104.235, -81.9195
-103.943, -82.3255
-103.651, -82.7316
-103.359, -83.1376
-103.068, -83.5436
-102.776, -83.9497
-102.484, -84.3557
-102.192, -84.7618
-101.901, -85.1678
-101.609, -85.5739
-101.317, -85.9799
-101.025, -86.3859
-100.734, -86.792
-100.45, -87.2041
-100.167, -87.6161
-99.8839, -88.0282
-99.6007, -88.4402
-99.3154, -88.8508
-99.03, -89.2614
-98.7447, -89.672
-98.4593, -90.0826
-98.1739, -90.4931
-97.8886, -90.9037
-97.6032, -91.3143
-97.3179, -91.7249
-97.0325, -92.1354
-96.7472, -92.546
-96.4618, -92.9566
-96.1765, -93.3672
-95.8911, -93.7777
-95.6058, -94.1883
-95.3204, -94.5989
-95.035, -95.0095
-94.6352, -95.3097
-94.2354, -95.6099
-93.8518, -95.9306
-93.4682, -96.2513
-93.0846, -96.5721
-92.701, -96.8928
-92.3174, -97.2135
-91.9339, -97.5342
-91.5503, -97.8549
-91.1667, -98.1757
-90.7831, -98.4964
-90.3995, -98.8171
-90.0159, -99.1378
-89.6241, -99.4484
-89.2323, -99.759
-88.8404, -100.07
-88.4486, -100.38
-88.0567, -100.691
-87.6649, -101.001
-87.273, -101.312
-86.8812, -101.622
-86.4893, -101.933
-86.0975, -102.244
-85.7056, -102.554
-85.3138, -102.865
-84.922, -103.175
-84.5301, -103.486
-84.1383, -103.797
-83.7464, -104.107
-83.3546, -104.418
-82.9627, -104.728
-82.5709, -105.039
-82.179, -105.349
-81.7872, -105.66
-81.3953, -105.971
-81.0035, -106.281
-80.6116, -106.592
-80.1353, -106.744
-79.659, -106.896
-79.1811, -107.043
-78.6961, -107.165
-78.2112, -107.286
-77.7318, -107.428
-77.2524, -107.57
-76.773, -107.712
-76.2936, -107.854
-75.8142, -107.996
-75.3348, -108.138
-74.8553, -108.28
-74.3759, -108.422
-73.8965, -108.564
-73.4171, -108.706
-72.9377, -108.848
-72.4583, -108.99
-71.9789, -109.132
-71.4995, -109.274
-71.0201, -109.416
-70.5407, -109.558
-70.0564, -109.683
-69.5721, -109.807
-69.0878, -109.932
-68.6035, -110.056
-68.1192, -110.18
-67.6363, -110.31
-67.1533, -110.439
-66.6703, -110.568
-66.1874, -110.698
-65.7044, -110.827
-65.2214, -110.957
-64.7385, -111.086
-64.2555, -111.215
-63.7725, -111.345
-63.2896, -111.474
-62.7896, -111.469
-62.2896, -111.464
-61.7897, -111.459
-61.2901, -111.48
-60.7905, -111.5
-60.291, -111.521
-59.7914, -111.542
-59.2919, -111.563
-58.7923, -111.584
-58.2927, -111.605
-57.7932, -111.626
-57.2936, -111.647
-56.794, -111.668
-56.2945, -111.689
-55.7949, -111.71
-55.2954, -111.731
-54.7958, -111.752
-54.2962, -111.773
-53.7967, -111.794
-53.2971, -111.814
-52.7976, -111.835
-52.298, -111.856
-51.7984, -111.877
-51.2989, -111.898
-50.7993, -111.919
-50.2998, -111.94
-49.8002, -111.961
-49.3006, -111.982
-48.8011, -112.003
-48.3015, -112.024
-47.8019, -112.045
-47.3024, -112.066
-46.8028, -112.087
-46.3082, -112.16
-45.8135, -112.233
-45.3189, -112.306
-44.8243, -112.379
-44.3296, -112.452
-43.8296, -112.454
-43.3297, -112.457
-42.8297, -112.46
-42.3297, -112.462
-41.8297, -112.465
-41.3297, -112.468
-40.8297, -112.47
-40.3297, -112.473
-39.8297, -112.475
-39.3297, -112.478
-38.8297, -112.481
-38.3297, -112.483
-37.8297, -112.486
-37.3297, -112.488
-36.8298, -112.491
-36.3298, -112.494
-35.8298, -112.496
-35.3298, -112.499
-34.8298, -112.502
-34.3298, -112.504
-33.8298, -112.507
-33.3298, -112.509
-32.8298, -112.512
-32.3298, -112.515
-31.8298, -112.517
-31.3298, -112.52
-30.8298, -112.523
-30.3299, -112.525
-29.8299, -112.528
-29.3299, -112.53
-28.8299, -112.533
-28.3299, -112.536
-27.8299, -112.538
-27.3299, -112.541
-26.8299, -112.543
-26.3299, -112.546
-25.8299, -112.549
-25.3299, -112.551
-24.8299, -112.554
-24.3299, -112.557
-23.83, -112.559
-23.33, -112.562
-22.83, -112.564
-22.33, -112.567
-21.83, -112.57
-21.33, -112.572
-20.83, -112.575
-20.33, -112.577
-19.83, -112.58
-19.33, -112.583
-18.83, -112.585
-18.33, -112.588
-17.83, -112.591
-17.3301, -112.593
-16.8301, -112.596
-16.3301, -112.598
-15.8301, -112.601
-15.3301, -112.604
-14.8301, -112.606
-14.3301, -112.609
-13.8301, -112.611
-13.3301, -112.614
-12.8301, -112.617
-12.3301, -112.619
-11.8301, -112.622
-11.3301, -112.625
-10.8301, -112.627
-10.3301, -112.63
-9.83015, -112.632
-9.33016, -112.635
-8.83017, -112.638
-8.33017, -112.64
-7.83018, -112.643
-7.33019, -112.646
-6.83019, -112.648
-6.3302, -112.651
-5.83021, -112.653
-5.33021, -112.656
-4.83022, -112.659
-4.33023, -112.661
-3.83023, -112.664
-3.33024, -112.666
-2.83025, -112.669
-2.33025, -112.672
-1.83026, -112.674
-1.33029, -112.669
-0.830316, -112.664
-0.330344, -112.659
0.169629, -112.653
0.669601, -112.648
1.16957, -112.643
1.66955, -112.638
2.16952, -112.632
2.66949, -112.627
3.16946, -112.622
3.66944, -112.617
4.16941, -112.611
4.66938, -112.606
5.16935, -112.601
5.66933, -112.596
6.1693, -112.591
6.66927, -112.585
7.16924, -112.58
7.66922, -112.575
8.16919, -112.57
8.66916, -112.564
9.16913, -112.559
9.66911, -112.554
10.1691, -112.549
10.6691, -112.543
11.1689, -112.557
11.6687, -112.57
12.1685, -112.583
12.6684, -112.596
13.1684, -112.593
13.6684, -112.591
14.1683, -112.588
14.6683, -112.585
15.1683, -112.583
15.6683, -112.58
16.1683, -112.577
16.6683, -112.575
17.1683, -112.572
17.6683, -112.57
18.1683, -112.567
18.6683, -112.564
19.1683, -112.562
19.6683, -112.559
20.1683, -112.557
20.6682, -112.554
21.1682, -112.551
21.6682, -112.549
22.1682, -112.546
22.6682, -112.543
23.1682, -112.541
23.6682, -112.538
24.1682, -112.536
24.6682, -112.533
25.1682, -112.53
25.6682, -112.528
26.1682, -112.525
26.6682, -112.523
27.1681, -112.52
27.6681, -112.517
28.1681, -112.515
28.6681, -112.512
29.1681, -112.509
29.6681, -112.507
30.1681, -112.504
30.6681, -112.502
31.1681, -112.499
31.6681, -112.496
32.1681, -112.494
32.6681, -112.491
33.1681, -112.489
33.6678, -112.504
34.1676, -112.52
34.6673, -112.536
35.1671, -112.551
35.6668, -112.567
36.1666, -112.583
36.6663, -112.598
37.1661, -112.614
37.6658, -112.63
38.1656, -112.646
38.6634, -112.693
39.1611, -112.74
39.6608, -112.758
40.1605, -112.776
40.6601, -112.795
41.1598, -112.813
41.6598, -112.808
42.1597, -112.803
42.6597, -112.797
43.1597, -112.792
43.6594, -112.808
44.1592, -112.824
44.6589, -112.839
45.1588, -112.852
45.6586, -112.865
46.1584, -112.879
46.6583, -112.892
47.1581, -112.905
47.6579, -112.918
48.1577, -112.931
48.6568, -112.899
49.1558, -112.868
49.6548, -112.837
50.1538, -112.805
50.6528, -112.774
51.1518, -112.743
51.6508, -112.711
52.1498, -112.68
52.6488, -112.648
53.1479, -112.617
53.6472, -112.591
54.1465, -112.565
54.6458, -112.538
55.1451, -112.512
55.644, -112.478
56.1428, -112.444
56.6416, -112.41
57.1405, -112.376
57.6393, -112.342
58.1382, -112.308
58.637, -112.274
59.1358, -112.24
59.6347, -112.206
60.1335, -112.172
60.6324, -112.138
61.1312, -112.104
61.63, -112.07
62.1289, -112.036
62.6277, -112.002
63.1266, -111.968
63.6254, -111.934
64.1242, -111.9
64.6231, -111.866
65.1219, -111.832
65.6208, -111.798
66.1196, -111.764
66.6184, -111.73
67.1173, -111.696
67.6161, -111.662
68.0963, -111.523
68.5764, -111.383
69.0566, -111.244
69.5367, -111.104
70.0169, -110.965
70.497, -110.825
70.9772, -110.686
71.4573, -110.546
71.9396, -110.414
72.4219, -110.282
72.9041, -110.15
73.3864, -110.018
73.8687, -109.886
74.351, -109.755
74.8333, -109.623
75.3155, -109.491
75.7978, -109.359
76.2801, -109.227
76.7624, -109.095
77.2446, -108.963
77.7269, -108.831
78.2092, -108.699
78.6915, -108.567
79.1737, -108.435
79.656, -108.303
80.1383, -108.171
80.6206, -108.039
81.1029, -107.907
81.5851, -107.776
82.0674, -107.644
82.5497, -107.512
83.032, -107.38
83.5142, -107.248
83.9028, -106.933
84.3149, -106.65
84.7269, -106.367
85.139, -106.084
85.5511, -105.8
85.9631, -105.517
86.3752, -105.234
86.7873, -104.951
87.1993, -104.668
87.6114, -104.384
88.0234, -104.101
88.4355, -103.818
88.8476, -103.535
89.2596, -103.251
89.6717, -102.968
90.0838, -102.685
90.4958, -102.402
90.9079, -102.119
91.32, -101.835
91.732, -101.552
92.1441, -101.269
92.5561, -100.986
92.9682, -100.703
93.3803, -100.419
93.7923, -100.136
94.2044, -99.8531
94.6165, -99.5699
95.0285, -99.2867
95.4406, -99.0034
95.8527, -98.7202
96.2647, -98.437
96.6768, -98.1538
97.0888, -97.8706
97.5009, -97.5874
97.913, -97.3042
98.325, -97.021
98.7371, -96.7378
99.1492, -96.4546
99.4597, -96.0628
99.7703, -95.6709
100.081, -95.2791
100.398, -94.8922
100.714, -94.5052
101.031, -94.1183
101.348, -93.7314
101.664, -93.3445
101.981, -92.9576
102.314, -92.5843
102.646, -92.2109
102.969, -91.829
103.292, -91.4471
103.614, -91.0652
103.937, -90.6833
104.26, -90.3015
104.583, -89.9196
104.905, -89.5377
105.228, -89.1558
105.549, -88.7722
105.87, -88.3886
106.19, -88.005
106.511, -87.6214
106.832, -87.2378
107.152, -86.8543
107.473, -86.4707
107.794, -86.0871
108.115, -85.7035
108.435, -85.3199
108.756, -84.9363
109.077, -84.5528
109.398, -84.1692
109.718, -83.7856
110.039, -83.402
110.36, -83.0184
110.512, -82.5421
110.664, -82.0658
110.816, -81.5894
110.968, -81.1131
111.12, -80.6368
111.267, -80.1589
111.414, -79.681
111.561, -79.2031
111.708, -78.7252
111.855, -78.2473
112.002, -77.7694
112.149, -77.2915
112.296, -76.8136
112.443, -76.3357
112.59, -75.8578
112.737, -75.3799
112.884, -74.902
113.029, -74.4233
113.173, -73.9447
113.318, -73.466
113.462, -72.9874
113.607, -72.5087
113.751, -72.03
113.896, -71.5514
114.04, -71.0727
114.185, -70.594
114.329, -70.1154
114.474, -69.6367
114.618, -69.1581
114.763, -68.6794
114.907, -68.2007
115.052, -67.7221
115.196, -67.2434
115.341, -66.7648
115.416, -66.2705
115.492, -65.7763
115.568, -65.282
115.607, -64.7836
115.646, -64.2851
115.67, -63.7857
115.693, -63.2862
115.719, -62.7869
115.746, -62.2876
115.772, -61.7883
115.798, -61.289
115.824, -60.7896
115.85, -60.2903
115.876, -59.791
115.903, -59.2917
115.929, -58.7924
115.955, -58.2931
115.981, -57.7938
116.007, -57.2945
116.033, -56.7951
116.06, -56.2958
116.086, -55.7965
116.112, -55.2972
116.138, -54.7979
116.164, -54.2986
116.19, -53.7993
116.217, -53.2999
116.243, -52.8006
116.269, -52.3013
116.295, -51.802
116.321, -51.3027
116.347, -50.8034
116.374, -50.3041
116.4, -49.8048
116.426, -49.3054
116.452, -48.8061
116.478, -48.3068
116.504, -47.8075
116.499, -47.3075
116.494, -46.8076
116.489, -46.3076
116.484, -45.8076
116.478, -45.3076
116.473, -44.8077
116.468, -44.3077
116.463, -43.8077
116.457, -43.3077
116.452, -42.8078
116.442, -42.3079
116.431, -41.808
116.421, -41.3081
116.41, -40.8082
116.4, -40.3083
116.389, -39.8084
116.379, -39.3085
116.368, -38.8087
116.358, -38.3088
116.347, -37.8089
116.337, -37.309
116.327, -36.8091
116.316, -36.3092
116.306, -35.8093
116.295, -35.3094
116.285, -34.8095
116.274, -34.3097
116.264, -33.8098
116.253, -33.3099
116.243, -32.81
116.232, -32.3101
116.222, -31.8102
116.211, -31.3103
116.201, -30.8104
116.19, -30.3105
116.18, -29.8106
116.17, -29.3107
116.159, -28.8109
116.149, -28.311
116.138, -27.8111
116.12, -27.3114
116.101, -26.8117
116.083, -26.3121
116.067, -25.8123
116.052, -25.3126
116.036, -24.8128
116.02, -24.3131
116.005, -23.8133
115.989, -23.3136
115.973, -22.8138
115.958, -22.314
115.942, -21.8143
115.926, -21.3145
115.91, -20.8148
115.895, -20.315
115.879, -19.8153
115.863, -19.3155
115.848, -18.8158
115.832, -18.316
115.816, -17.8163
115.801, -17.3165
115.785, -16.8168
115.769, -16.317
115.753, -15.8172
115.738, -15.3175
115.722, -14.8177
115.706, -14.318
115.691, -13.8182
115.675, -13.3185
115.67, -12.8185
115.664, -12.3185
115.659, -11.8186
115.654, -11.3186
115.649, -10.8186
115.644, -10.3186
115.638, -9.81868
115.633, -9.3187
115.628, -8.81873
115.623, -8.31876
115.617, -7.81879
115.607, -7.31889
115.596, -6.819
115.586, -6.31911
115.575, -5.81922
115.565, -5.31933
115.555, -4.81944
115.544, -4.31955
115.534, -3.81966
115.523, -3.31977
115.513, -2.81988
115.502, -2.31999
115.492, -1.8201
115.479, -1.32027
115.466, -0.820444
115.452, -0.320615
115.439, 0.179214
115.426, 0.679042
115.413, 1.17887
115.4, 1.6787
115.387, 2.17853
115.374, 2.67836
115.361, 3.17819
115.348, 3.67801
115.335, 4.17784
115.322, 4.67767
115.309, 5.1775
115.295, 5.67733
115.282, 6.17716
115.269, 6.67699
115.256, 7.17682
115.243, 7.67665
115.23, 8.17647
115.217, 8.6763
115.204, 9.17613
115.191, 9.67596
115.178, 10.1758
115.165, 10.6756
115.152, 11.1754
115.138, 11.6753
115.125, 12.1751
115.112, 12.6749
115.099, 13.1748
115.086, 13.6746
115.073, 14.1744
115.06, 14.6742
115.047, 15.1741
115.034, 15.6739
115.021, 16.1737
115.008, 16.6736
114.995, 17.1734
114.981, 17.6732
114.968, 18.173
114.955, 18.6729
114.942, 19.1727
114.929, 19.6725
114.916, 20.1724
114.903, 20.6722
114.89, 21.172
114.877, 21.6718
114.864, 22.1717
114.851, 22.6715
114.838, 23.1713
114.824, 23.6712
114.811, 24.171
114.811, 24.171
114.811, 24.171
114.806, 24.671
114.801, 25.1709
114.796, 25.6709
114.79, 26.1709
114.785, 26.6708
114.78, 27.1708
114.767, 27.6706
114.754, 28.1705
114.741, 28.6703
114.728, 29.1701
114.715, 29.67
114.701, 30.1698
114.688, 30.6696
114.675, 31.1694
114.662, 31.6693
114.649, 32.1691
114.636, 32.6689
114.623, 33.1688
114.61, 33.6686
114.597, 34.1684
114.584, 34.6682
114.571, 35.1681
114.558, 35.6679
114.544, 36.1677
114.531, 36.6676
114.518, 37.1674
114.505, 37.6672
114.492, 38.167
114.479, 38.6669
114.466, 39.1667
114.453, 39.6665
114.44, 40.1664
114.427, 40.6662
114.414, 41.166
114.4, 41.6658
114.387, 42.1657
114.374, 42.6655
114.361, 43.1653
114.348, 43.6652
114.335, 44.165
114.322, 44.6648
114.309, 45.1646
114.296, 45.6645
114.283, 46.1643
114.27, 46.6641
114.257, 47.164
114.243, 47.6638
114.23, 48.1636
114.189, 48.6619
114.147, 49.1601
114.105, 49.6583
114.063, 50.1566
114.021, 50.6548
113.979, 51.1531
113.938, 51.6513
113.896, 52.1496
113.854, 52.6478
113.812, 53.1461
113.77, 53.6443
113.726, 54.1423
113.681, 54.6404
113.637, 55.1384
113.582, 55.6354
113.527, 56.1323
113.472, 56.6293
113.417, 57.1263
113.363, 57.6233
113.308, 58.1203
113.253, 58.6172
113.198, 59.1142
113.143, 59.6112
113.088, 60.1082
113.033, 60.6052
112.978, 61.1022
112.924, 61.5991
112.869, 62.0961
112.814, 62.5931
112.759, 63.0901
112.704, 63.5871
112.649, 64.0841
112.594, 64.581
112.54, 65.078
112.485, 65.575
112.43, 66.072
112.375, 66.5689
112.32, 67.0659
112.173, 67.5438
112.026, 68.0217
111.879, 68.4996
111.732, 68.9775
111.585, 69.4554
111.438, 69.9333
111.291, 70.4112
111.144, 70.8891
110.997, 71.367
110.85, 71.8449
110.703, 72.3228
110.556, 72.8007
110.409, 73.2786
110.262, 73.7565
110.115, 74.2344
109.968, 74.7123
109.821, 75.1902
109.674, 75.6681
109.527, 76.146
109.38, 76.6239
109.233, 77.1018
109.086, 77.5797
108.939, 78.0576
108.792, 78.5355
108.645, 79.0134
108.498, 79.4913
108.351, 79.9692
108.204, 80.4471
108.057, 80.925
107.91, 81.4029
107.763, 81.8808
107.616, 82.3587
107.317, 82.7601
107.019, 83.1615
106.721, 83.5629
106.423, 83.9643
106.125, 84.3657
105.827, 84.7671
105.529, 85.1685
105.231, 85.57
104.933, 85.9714
104.634, 86.3728
104.336, 86.7742
104.049, 87.1833
103.761, 87.5924
103.474, 88.0014
103.184, 88.409
102.895, 88.8166
102.605, 89.2241
102.315, 89.6317
102.026, 90.0392
101.736, 90.4468
101.446, 90.8544
101.157, 91.2619
100.867, 91.6695
100.577, 92.0771
100.288, 92.4846
99.9918, 92.8876
99.6958, 93.2906
99.3998, 93.6935
99.1038, 94.0965
98.8078, 94.4995
98.5118, 94.9024
98.2158, 95.3054
97.9198, 95.7084
97.6238, 96.1113
97.3278, 96.5143
97.0318, 96.9173
96.7358, 97.3203
96.4398, 97.7232
96.0463, 98.0317
95.6528, 98.3403
95.2594, 98.6488
94.8659, 98.9573
94.4725, 99.2658
94.079, 99.5743
93.6855, 99.8828
93.2921, 100.191
92.8986, 100.5
92.5051, 100.808
92.1117, 101.117
91.7182, 101.425
91.3247, 101.734
90.9313, 102.042
90.5378, 102.351
90.1444, 102.66
89.7509, 102.968
89.3574, 103.277
88.964, 103.585
88.5705, 103.894
88.177, 104.202
87.7836, 104.511
87.3901, 104.819
86.9967, 105.128
86.6032, 105.436
86.2097, 105.745
85.8163, 106.053
85.4228, 106.362
85.0293, 106.67
84.6359, 106.979
84.2424, 107.287
83.8489, 107.596
83.4555, 107.904
83.062, 108.213
82.6686, 108.521
82.2751, 108.83
81.7942, 108.967
81.3133, 109.104
80.8325, 109.241
80.3516, 109.378
79.8707, 109.515
79.3878, 109.644
78.9048, 109.774
78.4218, 109.903
77.9389, 110.032
77.4559, 110.162
76.9729, 110.291
76.49, 110.421
76.007, 110.55
75.5241, 110.679
75.0411, 110.809
74.5581, 110.938
74.0752, 111.068
73.5922, 111.197
73.1092, 111.327
72.6263, 111.456
72.1433, 111.585
71.6603, 111.715
71.1774, 111.844
70.6944, 111.974
70.2115, 112.103
69.7285, 112.232
69.2455, 112.362
68.7626, 112.491
68.2796, 112.621
67.7966, 112.75
67.3137, 112.879
66.8307, 113.009
66.3477, 113.138
65.8648, 113.268
65.3818, 113.397
64.8823, 113.418
64.3827, 113.439
63.8831, 113.46
63.3836, 113.481
62.884, 113.502
62.3842, 113.515
61.8844, 113.528
61.3845, 113.541
60.8847, 113.554
60.3849, 113.567
59.8851, 113.58
59.3852, 113.593
58.8854, 113.607
58.3856, 113.62
57.8857, 113.633
57.3859, 113.646
56.8861, 113.659
56.3863, 113.672
55.8864, 113.685
55.3866, 113.698
54.8868, 113.711
54.3869, 113.724
53.8871, 113.737
53.3873, 113.751
52.8875, 113.764
52.3876, 113.777
51.8878, 113.79
51.388, 113.803
50.8881, 113.816
50.3883, 113.829
49.8885, 113.842
49.3887, 113.855
48.8888, 113.868
48.389, 113.881
47.8892, 113.895
47.3893, 113.908
46.8927, 113.965
46.396, 114.023
45.8963, 114.041
45.3966, 114.059
44.897, 114.078
44.3973, 114.096
43.8977, 114.114
43.398, 114.133
42.8983, 114.151
42.3987, 114.169
41.899, 114.188
41.3993, 114.206
40.8994, 114.211
40.3994, 114.216
39.8994, 114.222
39.3994, 114.227
38.8995, 114.232
38.3995, 114.237
37.8995, 114.243
37.3995, 114.248
36.8996, 114.253
36.3996, 114.258
35.8998, 114.271
35.3999, 114.284
34.9001, 114.298
34.4003, 114.311
33.9005, 114.324
33.4006, 114.337
32.9008, 114.35
32.401, 114.363
31.9011, 114.376
31.4013, 114.389
30.9014, 114.4
30.4015, 114.41
29.9016, 114.421
29.4018, 114.431
28.9019, 114.442
28.402, 114.452
27.9021, 114.463
27.4022, 114.473
26.9023, 114.483
26.4024, 114.494
25.9025, 114.504
25.4026, 114.515
24.9028, 114.525
24.4029, 114.536
23.903, 114.546
23.4031, 114.557
22.9032, 114.567
22.4033, 114.578
21.9034, 114.588
21.4035, 114.599
20.9036, 114.609
20.4037, 114.62
19.9039, 114.63
19.404, 114.641
18.9041, 114.651
18.4042, 114.662
17.9043, 114.672
17.4044, 114.682
16.9045, 114.693
16.4046, 114.703
15.9047, 114.714
15.4049, 114.724
14.905, 114.735
14.4051, 114.745
13.9052, 114.756
13.4053, 114.766
12.9054, 114.777
12.4055, 114.787
11.9056, 114.798
11.4057, 114.808
10.9058, 114.819
10.4059, 114.829
9.90606, 114.84
9.40617, 114.85
8.90628, 114.861
8.40639, 114.871
7.9065, 114.882
7.40661, 114.892
6.90672, 114.902
6.40683, 114.913
5.90689, 114.921
5.40695, 114.929
4.90701, 114.937
4.40707, 114.944
3.90713, 114.952
3.4072, 114.96
2.90726, 114.968
2.40732, 114.976
1.90738, 114.984
1.40744, 114.992
0.907504, 114.999
0.407566, 115.007
-0.0923722, 115.015
-0.592311, 115.023
-1.09225, 115.031
-1.59219, 115.039
-2.09213, 115.047
-2.59206, 115.054
-3.09189, 115.067
-3.59172, 115.081
-4.09155, 115.094
-4.59138, 115.107
-5.09121, 115.12
-5.59103, 115.133
-6.09086, 115.146
-6.59069, 115.159
-7.09052, 115.172
-7.59035, 115.185
-8.09018, 115.198
-8.59, 115.211
-9.08983, 115.225
-9.58966, 115.238
-10.0895, 115.251
-10.5895, 115.251
-11.0895, 115.251
-11.5895, 115.251
-12.0895, 115.251
-12.5895, 115.251
-13.0895, 115.251
-13.5894, 115.259
-14.0894, 115.266
-14.5893, 115.274
-15.0892, 115.282
-15.5892, 115.29
-16.0891, 115.298
-16.5891, 115.306
-17.089, 115.314
-17.5889, 115.321
-18.0889, 115.329
-18.5888, 115.337
-19.0888, 115.345
-19.5887, 115.353
-20.0886, 115.361
-20.5886, 115.369
-21.0885, 115.376
-21.5884, 115.384
-22.0884, 115.392
-22.5883, 115.4
-23.0883, 115.408
-23.5882, 115.416
-24.0881, 115.424
-24.588, 115.434
-25.0879, 115.445
-25.5878, 115.455
-26.0877, 115.466
-26.5876, 115.476
-27.0875, 115.486
-27.5874, 115.497
-28.0873, 115.507
-28.5871, 115.518
-29.087, 115.528
-29.5869, 115.539
-30.0868, 115.549
-30.5867, 115.56
-31.0866, 115.57
-31.5865, 115.581
-32.0864, 115.591
-32.5863, 115.602
-33.0862, 115.612
-33.586, 115.623
-34.0859, 115.633
-34.5858, 115.644
-35.0857, 115.654
-35.5856, 115.665
-36.0853, 115.646
-36.5849, 115.628
-37.0846, 115.61
-37.5843, 115.591
-38.0839, 115.573
-38.5836, 115.555
-39.0832, 115.536
-39.5829, 115.518
-40.0826, 115.5
-40.5822, 115.481
-41.0819, 115.463
-41.5816, 115.445
-42.0812, 115.426
-42.5812, 115.434
-43.0811, 115.442
-43.5811, 115.45
-44.081, 115.458
-44.5809, 115.466
-45.0796, 115.429
-45.5782, 115.393
-46.0769, 115.356
-46.5756, 115.319
-47.0746, 115.288
-47.5736, 115.256
-48.0726, 115.225
-48.5716, 115.194
-49.0706, 115.162
-49.5696, 115.131
-50.0686, 115.1
-50.5677, 115.068
-51.0667, 115.037
-51.5657, 115.005
-52.0647, 114.974
-52.5637, 114.943
-53.0627, 114.911
-53.5617, 114.88
-54.0607, 114.848
-54.5597, 114.817
-55.0588, 114.786
-55.5578, 114.754
-56.0568, 114.723
-56.5558, 114.691
-57.0548, 114.66
-57.5538, 114.629
-58.0528, 114.597
-58.5518, 114.566
-59.0509, 114.534
-59.5499, 114.503
-60.0489, 114.472
-60.5479, 114.44
-61.0469, 114.409
-61.5459, 114.377
-62.0449, 114.346
-62.5439, 114.315
-63.043, 114.283
-63.5272, 114.159
-64.0115, 114.035
-64.4958, 113.91
-64.9801, 113.786
-65.4644, 113.662
-65.9487, 113.537
-66.433, 113.413
-66.9173, 113.288
-67.3982, 113.152
-67.879, 113.015
-68.3599, 112.878
-68.8408, 112.741
-69.3216, 112.604
-69.8025, 112.467
-70.2834, 112.33
-70.7643, 112.193
-71.2465, 112.061
-71.7288, 111.929
-72.2111, 111.797
-72.6934, 111.665
-73.1757, 111.533
-73.6579, 111.401
-74.1402, 111.269
-74.6225, 111.137
-75.1048, 111.005
-75.587, 110.873
-76.0693, 110.741
-76.5516, 110.609
-77.0339, 110.478
-77.5161, 110.346
-77.9984, 110.214
-78.4807, 110.082
-78.8913, 109.796
-79.3018, 109.511
-79.7124, 109.226
-80.123, 108.94
-80.5336, 108.655
-80.9442, 108.37
-81.3547, 108.084
-81.7653, 107.799
-82.1759, 107.514
-82.5865, 107.228
-82.9985, 106.945
-83.4106, 106.662
-83.8226, 106.379
-84.2347, 106.095
-84.6468, 105.812
-85.0588, 105.529
-85.4709, 105.246
-85.883, 104.963
-86.295, 104.679
-86.7071, 104.396
-87.1192, 104.113
-87.5312, 103.83
-87.9433, 103.547
-88.3553, 103.263
-88.7674, 102.98
-89.1795, 102.697
-89.5915, 102.414
-90.0036, 102.131
-90.4186, 101.852
-90.8336, 101.573
-91.2486, 101.294
-91.6636, 101.015
-92.0786, 100.736
-92.4937, 100.457
-92.9087, 100.178
-93.3237, 99.8995
-93.7387, 99.6207
-94.1537, 99.3418
-94.4824, 98.965
-94.8111, 98.5882
-95.1398, 98.2114
-95.4684, 97.8347
-95.7971, 97.4579
-96.1238, 97.0794
-96.4506, 96.7009
-96.7773, 96.3224
-97.104, 95.9439
-97.4307, 95.5654
-97.7574, 95.1869
-98.0841, 94.8084
-98.4108, 94.4299
-98.7376, 94.0514
-99.0603, 93.6695
-99.383, 93.2876
-99.7057, 92.9057
-100.028, 92.5238
-100.351, 92.1419
-100.674, 91.76
-100.997, 91.3782
-101.319, 90.9963
-101.642, 90.6144
-101.965, 90.2325
-102.288, 89.8506
-102.61, 89.4687
-102.933, 89.0868
-103.256, 88.7049
-103.579, 88.323
-103.901, 87.9411
-104.224, 87.5592
-104.547, 87.1773
-104.869, 86.7954
-105.192, 86.4135
-105.515, 86.0316
-105.649, 85.55
-105.784, 85.0684
-105.918, 84.5868
-106.053, 84.1053
-106.187, 83.6237
-106.322, 83.1421
-106.456, 82.6605
-106.596, 82.1804
-106.735, 81.7002
-106.875, 81.2201
-107.014, 80.7399
-107.154, 80.2598
-107.298, 79.7811
-107.443, 79.3025
-107.587, 78.8238
-107.732, 78.3451
-107.876, 77.8665
-108.021, 77.3878
-108.165, 76.9091
-108.31, 76.4305
-108.454, 75.9518
-108.599, 75.4732
-108.743, 74.9945
-108.888, 74.5158
-109.032, 74.0372
-109.177, 73.5585
-109.321, 73.0799
-109.466, 72.6012
-109.61, 72.1225
-109.755, 71.6439
-109.899, 71.1652
-110.044, 70.6866